#nages
5
#nyrs
12
#npops_EM
2
#nregions_EM
 1 1
#nfleets_EM
 1 1
#nfleets_survey_EM
 1 1
#npops_OM
2
#nregions_OM
 1 1
#nfleets_OM
 1 1
#nfleets_survey_OM
 1 1
#tsurvey_EM
 0.42
 0.42
#diagnostics_switch
0
#move_switch
2
#report_rate_switch
0
#natal_homing_switch
0
#spawn_return_switch
0
#select_switch
1
#select_switch_survey
1
#maturity_switch_equil
0
#SSB_type
2
#Rec_type
1
#apportionment_type
-1
#use_stock_comp_info_survey
0
#use_stock_comp_info_catch
0
#F_switch
1
#M_switch
0
#recruit_devs_switch
1
#recruit_randwalk_switch
0
#init_abund_switch
1
#est_dist_init_abund
-1
#tspawn_EM
 0.33 0.33
#return_age
3
#return_probability
 1 1
#spawn_return_prob
 1 1
#do_tag
1
#fit_tag_age_switch
0
#do_tag_mult
1
#est_tag_mixing_switch
0
#sigma_recruit_EM
 0.4 0.4
#ph_lmr
1
#Rave_start
10
#lb_R_ave
2
#ub_R_ave
20
#ph_rec
2
#lb_rec_devs
-10
#ub_rec_devs
10
#Rdevs_start
0
#ph_rec_app_CNST
-4
#ph_rec_app_YR
-4
#lb_rec_app
-5
#ub_rec_app
5
#Rapp_start
0
#ph_init_abund
1
#ph_init_abund_no_ag1
-1
#N_start
10
#init_dist_start
0
#ph_reg_init
-2
#ph_reg_age_init
-2
#ph_non_natal_init
-1
#ph_non_natal_age_init
-1
#lb_init_dist
-5
#ub_init_dist
5
#lb_init_abund
0.1
#ub_init_abund
20
#ph_F
3
#lb_F
-5
#ub_F
5
#F_start
-2
#ph_steep
-1
#lb_steep
0.2
#ub_steep
1
#steep_start
0.7
#ph_M_CNST
-1
#ph_M_pop_CNST
-1
#ph_M_age_CNST
-1
#ph_M_pop_age
-1
#lb_M
-5
#ub_M
5
#M_start
-2
#ph_sel_log
4
#lb_sel_beta1
-5
#ub_sel_beta1
2
#sel_beta1_start
0
#lb_sel_beta2
-5
#ub_sel_beta2
2
#sel_beta2_start
0
#lb_sel_beta3
-5
#ub_sel_beta3
3
#sel_beta3_start
0
#lb_sel_beta4
-5
#ub_sel_beta4
3
#sel_beta4_start
2
#lb_sel_beta1_surv
-5
#ub_sel_beta1_surv
2
#sel_beta1_surv_start
0
#lb_sel_beta2_surv
-5
#ub_sel_beta2_surv
2
#sel_beta2_surv_start
0
#lb_sel_beta3_surv
-5
#ub_sel_beta3_surv
3
#sel_beta3_surv_start
0
#lb_sel_beta4_surv
-5
#ub_sel_beta4_surv
3
#sel_beta4_surv_start
2
#ph_sel_log_surv
4
#ph_sel_dubl
-5
#ph_sel_dubl_surv
-5
#ph_q
1
#lb_q
-10
#ub_q
5
#q_start
-2
#ph_F_rho
-1
#lb_F_rho
0
#ub_F_rho
1
#Frho_start
-2
#phase_T_YR
-5
#phase_T_YR_ALT_FREQ
-5
#T_est_freq
4
#phase_T_YR_AGE_ALT_FREQ
5
#T_est_age_freq
1
#juv_age
1
#phase_T_CNST
-5
#phase_T_CNST_AGE
-5
#phase_T_YR_AGE
-5
#phase_T_CNST_AGE_no_AG1
-6
#phase_T_YR_AGE_no_AG1
-6
#phase_T_YR_AGE_ALT_FREQ_no_AG1
-5
#lb_T
-10
#ub_T
10
#T_start
-2
#phase_rep_rate_YR
-6
#phase_rep_rate_CNST
-6
#lb_B
-6
#ub_B
6
#B_start
0
#ph_T_tag
-7
#ph_F_tag
-3
#lb_scalar_T
-10
#ub_scalar_T
10
#lb_scalar_F
-10
#ub_scalar_F
10
#scalar_T_start
0
#scalar_F_start
0
#ph_dummy
-1
#wt_surv
1
#wt_catch
1
#wt_fish_age
1
#wt_srv_age
1
#wt_rec
1
#wt_tag
1
#wt_F_pen
1
#wt_M_pen
0
#wt_B_pen
0
#report_rate_sigma
0.1
#report_rate_ave
0.5
#abund_pen_switch
1
#wt_abund_pen
0.1
#Mean_N
8
#abund_dist_pen_switch
0
#wt_abund_dist_pen
0
#Mean_N_dist
0
#move_pen_switch
1
#wt_move_pen
0.5
#Tpen
-2
#sigma_Tpen_EM
0.5
#Rave_pen_switch
0
#wt_Rave_pen
0
#Rave_mean
10
#R_app_pen_switch
0
#wt_R_app_pen
0
#R_app_pen
0
#input_weight
 0.0228943 0.134428 0.495415 1.15147 2.184
 0.035 0.141667 0.519167 1.14583 1.96093
#input_catch_weight
 0.0228943 0.134428 0.495415 1.15147 2.184
 0.035 0.141667 0.519167 1.14583 1.96093
#fecundity
 1 1 1 1 1
 1 1 1 1 1
#maturity
 0 0.29 0.98 0.99 1
 0 0.29 0.98 0.99 1
#prop_fem
 0.5
 0.5
#OBS_rec_index_BM
 37576.3 10856.3 25879.4 71454.7 52258.6 41667.9 18069 17001.7 22449.1 37426.2 5392.02 11756.1
 2627.04 3912.44 10096 4420.72 4666.8 8129.54 3298.16 2752.06 16492.1 3540.3 17258.3 4740.46
#OBS_survey_fleet_bio
 0.329033
 0.487842
 0.344719
 0.32191
 0.327607
 0.293286
 0.266903
 0.354196
 0.298002
 0.43447
 0.35691
 0.306288
 0.28183
 0.594307
 0.983549
 0.692826
 0.640538
 0.380174
 0.282504
 0.194895
 0.250501
 0.304265
 0.504971
 0.387396
#OBS_survey_fleet_bio_se_EM
 0.2
 0.2
 0.2
 0.2
 0.2
 0.2
 0.2
 0.2
 0.2
 0.2
 0.2
 0.2
 0.2
 0.2
 0.2
 0.2
 0.2
 0.2
 0.2
 0.2
 0.2
 0.2
 0.2
 0.2

#OBS_survey_prop
 0.23 0.71 0.06 0 0
 0.26 0.63 0.1 0.01 0
 0.39 0.47 0.1 0.04 0
 0.32 0.62 0.03 0.02 0.01
 0.35 0.57 0.08 0 0
 0.28 0.58 0.13 0 0.01
 0.33 0.48 0.18 0.01 0
 0.34 0.55 0.11 0 0
 0.25 0.65 0.08 0 0.02
 0.33 0.6 0.07 0 0
 0.1 0.82 0.07 0.01 0
 0.39 0.44 0.16 0.01 0
 0.14 0.82 0.04 0 0
 0.12 0.57 0.28 0.03 0
 0.06 0.61 0.24 0.09 0
 0.14 0.65 0.16 0.03 0.02
 0.1 0.72 0.15 0.02 0.01
 0.08 0.66 0.24 0.02 0
 0.14 0.6 0.22 0.03 0.01
 0.23 0.6 0.14 0.03 0
 0.25 0.61 0.13 0 0.01
 0.08 0.73 0.15 0.04 0
 0.18 0.52 0.22 0.08 0
 0.15 0.63 0.15 0.05 0.02
#OBS_survey_prop_N_EM
 100
 100
 100
 100
 100
 100
 100
 100
 100
 100
 100
 100
 100
 100
 100
 100
 100
 100
 100
 100
 100
 100
 100
 100

#OBS_yield_fleet
 179.143
 262.221
 429.371
 332.412
 368.811
 564.547
 264.258
 355.968
 345.456
 282.829
 477.411
 261.489
 127.603
 294.176
 323.617
 613.359
 424.522
 333.434
 330.977
 347.629
 236.735
 269.471
 351.762
 381.592
#OBS_yield_fleet_se_EM
 0.05
 0.05
 0.05
 0.05
 0.05
 0.05
 0.05
 0.05
 0.05
 0.05
 0.05
 0.05
 0.05
 0.05
 0.05
 0.05
 0.05
 0.05
 0.05
 0.05
 0.05
 0.05
 0.05
 0.05

#OBS_catch_prop
 0.19 0.72 0.09 0 0
 0.12 0.68 0.18 0.02 0
 0.22 0.6 0.14 0.04 0
 0.19 0.69 0.08 0.02 0.02
 0.26 0.51 0.19 0.02 0.02
 0.09 0.81 0.1 0 0
 0.18 0.72 0.09 0.01 0
 0.18 0.69 0.12 0.01 0
 0.11 0.78 0.11 0 0
 0.21 0.69 0.09 0.01 0
 0.09 0.77 0.13 0.01 0
 0.26 0.48 0.22 0.03 0.01
 0.09 0.71 0.18 0.02 0
 0.03 0.58 0.34 0.04 0.01
 0.06 0.55 0.28 0.08 0.03
 0.03 0.62 0.27 0.06 0.02
 0.03 0.77 0.15 0.04 0.01
 0.04 0.55 0.36 0.04 0.01
 0.04 0.63 0.27 0.06 0
 0.06 0.73 0.18 0.03 0
 0.12 0.69 0.16 0.03 0
 0.04 0.65 0.28 0.02 0.01
 0.08 0.63 0.24 0.04 0.01
 0.08 0.65 0.19 0.07 0.01
#OBS_catch_prop_N_EM
 100
 100
 100
 100
 100
 100
 100
 100
 100
 100
 100
 100
 100
 100
 100
 100
 100
 100
 100
 100
 100
 100
 100
 100

#nyrs_release
12
#years_of_tag_releases 
 1 2 3 4 5 6 7 8 9 10 11 12
#max_life_tags
5
#age_full_selection
 3 3 3 3 3 3 3 3 3 3 3 3
 3 3 3 3 3 3 3 3 3 3 3 3
#input_report_rate_EM
 0.7
 0.8
#ntags
 624.147 1600.74 157.335 15.3003 0.994867
 456.649 1409.49 312.793 23.5437 3.52401
 1032.52 1387.32 366.263 90.646 8.89084
 1030.1 1769.34 203.287 50.0478 22.1712
 1076.14 1873 280.213 32.6069 12.2067
 606.008 1628.51 184.331 23.7211 4.82801
 756.648 1455.36 204.768 21.2234 4.43081
 858.924 1645.57 213.338 27.8247 3.46338
 663.951 1606.35 233.312 20.816 3.4577
 1013.64 1643.31 282.237 34.2234 3.85356
 219.462 1501.58 191.569 32.0507 3.76294
 634.045 851.346 316.799 44.7062 7.95152
 391.878 1762.11 212.018 28.497 4.01812
 269.432 1308.4 550.473 68.2991 9.39571
 354.412 1602.71 675.118 220.903 32.5003
 409.644 2015.34 430.669 161.889 57.4015
 406.768 2319.36 443.768 66.9719 37.2876
 300.078 1578.88 479.87 73.0535 15.5223
 369.236 1563.77 406.99 86.639 15.7979
 588.056 1693.7 379.086 70.2285 18.0584
 435.462 1825.33 216.775 41.5207 8.7939
 348.07 2033.31 525.677 57.8539 12.3566
 392.591 1133.3 340.439 70.6338 11.467
 287.569 1207.69 287.546 56.6854 15.3617
#ntags_total
 4797.04 4412 5771.28 6149.88 6548.32 4894.8 4884.87 5498.25 5055.77 5954.53 3896.86 3709.69
#tag_N_EM
 100 100 100 100 100
 100 100 100 100 100
 100 100 100 100 100
 100 100 100 100 100
 100 100 100 100 100
 100 100 100 100 100
 100 100 100 100 100
 100 100 100 100 100
 100 100 100 100 100
 100 100 100 100 100
 100 100 100 100 100
 100 100 100 100 100
 100 100 100 100 100
 100 100 100 100 100
 100 100 100 100 100
 100 100 100 100 100
 100 100 100 100 100
 100 100 100 100 100
 100 100 100 100 100
 100 100 100 100 100
 100 100 100 100 100
 100 100 100 100 100
 100 100 100 100 100
 100 100 100 100 100

#input_T_EM
 0.85
 0.15
 0.85
 0.15
 0.85
 0.15
 0.85
 0.15
 0.85
 0.15

 0.25
 0.75
 0.25
 0.75
 0.25
 0.75
 0.25
 0.75
 0.25
 0.75


#OBS_tag_prop_final
 0.01 0 0.05 0.03 0.01 0.01 0 0 0 0 0.89
 0.27 0.11 0.05 0.07 0.04 0 0.01 0 0 0 0.45
 0.3 0.05 0.06 0.08 0.05 0.02 0.01 0 0 0 0.43
 0.34 0.07 0.11 0.07 0.03 0.02 0 0.01 0 0.01 0.34
 0.33 0.08 0.07 0.04 0.05 0.03 0 0 0 0 0.4
 0.01 0 0.04 0.03 0 0.02 0 0 0 0 0.9
 0.18 0.02 0.1 0.05 0.03 0.03 0 0.01 0 0 0.58
 0.33 0.1 0.1 0.08 0.01 0.02 0 0.02 0 0.01 0.33
 0.27 0.18 0.07 0.04 0 0.01 0.01 0.01 0 0.01 0.4
 0.3 0.11 0.09 0.05 0.03 0.02 0.01 0.01 0.01 0 0.37
 0.02 0 0.07 0.02 0 0 0 0.01 0 0 0.88
 0.34 0.01 0.02 0.07 0 0 0 0 0 0 0.56
 0.36 0.08 0.01 0.09 0.02 0.02 0 0 0 0 0.42
 0.45 0.1 0.08 0.06 0.01 0 0 0 0 0 0.3
 0.36 0.12 0.06 0.07 0 0.02 0 0 0 0 0.37
 0.03 0 0.07 0.01 0 0.02 0 0 0 0 0.87
 0.28 0.14 0.08 0.05 0.03 0 0 0 0 0 0.42
 0.36 0.14 0.04 0.09 0 0 0 0 0 0 0.37
 0.34 0.21 0.04 0.09 0.01 0 0 0.01 0 0 0.3
 0.4 0.17 0.09 0.01 0 0 0 0 0 0 0.33
 0.01 0.01 0.12 0.01 0 0 0 0.01 0 0 0.84
 0.29 0.1 0.06 0.07 0.01 0 0 0 0 0 0.47
 0.47 0.14 0.06 0.06 0 0 0 0 0 0 0.27
 0.3 0.14 0.1 0.06 0 0 0 0.01 0 0 0.39
 0.38 0.12 0.1 0.01 0.01 0.01 0 0 0 0 0.37
 0.02 0 0.02 0.02 0.01 0 0 0 0 0 0.93
 0.47 0.03 0.02 0.02 0.01 0.01 0 0 0 0 0.44
 0.45 0.12 0.09 0.03 0 0 0 0 0 0 0.31
 0.42 0.14 0.02 0.02 0 0 0 0 0 0 0.4
 0.45 0.13 0.03 0.02 0 0 0 0 0 0 0.37
 0 0 0.06 0.01 0 0.02 0.01 0 0 0 0.9
 0.28 0.1 0.07 0.05 0.01 0 0 0 0 0 0.49
 0.37 0.11 0.05 0.08 0.01 0.01 0 0 0 0 0.37
 0.33 0.24 0.03 0.06 0 0.01 0 0 0 0 0.33
 0.48 0.16 0.02 0.07 0 0.01 0 0 0 0 0.26
 0 0 0.07 0 0 0 0 0 0 0 0.93
 0.46 0.03 0.06 0.04 0 0 0 0.01 0 0 0.4
 0.36 0.17 0.05 0.05 0 0.02 0 0 0 0 0.35
 0.46 0.23 0.07 0 0.01 0 0 0 0 0 0.23
 0.23 0.32 0.04 0.04 0.01 0 0.01 0 0 0 0.35
 0.01 0 0.06 0.01 0 0.01 0 0 0 0 0.91
 0.34 0.02 0.06 0.04 0.02 0 0 0 0 0 0.52
 0.51 0.02 0.07 0.02 0.01 0.02 0 0 0 0 0.35
 0.36 0.23 0.07 0.04 0 0.01 0 0.01 0 0 0.28
 0.36 0.17 0.03 0.01 0.01 0.02 0 0.01 0 0 0.39
 0 0 0.13 0.02 0.02 0 0 0 0 0 0.83
 0.26 0.09 0.08 0.05 0.01 0 0 0 0 0 0.51
 0.4 0.14 0.06 0.06 0 0.01 0 0 0 0 0.33
 0.42 0.14 0.04 0.02 0 0.02 0 0 0 0 0.36
 0.43 0.12 0.07 0.08 0.01 0.01 0 0 0 0 0.28
 0.02 0 0.05 0.03 0 0 0 0 0 0 0.9
 0.35 0.06 0.05 0.03 0 0 0 0 0 0 0.51
 0.45 0.13 0.06 0.01 0 0 0 0 0 0 0.35
 0.4 0.13 0.06 0.05 0 0 0 0 0 0 0.36
 0.34 0.21 0.05 0.04 0 0 0 0 0 0 0.36
 0.03 0 0 0 0 0 0 0 0 0 0.97
 0.48 0.11 0 0 0 0 0 0 0 0 0.41
 0.38 0.14 0 0 0 0 0 0 0 0 0.48
 0.54 0.12 0 0 0 0 0 0 0 0 0.34
 0.35 0.19 0 0 0 0 0 0 0 0 0.46
 0 0 0.02 0.07 0.03 0.03 0.01 0.01 0 0 0.83
 0 0.16 0 0.13 0.01 0.04 0 0 0 0 0.66
 0.03 0.22 0.03 0.09 0.01 0 0.01 0.01 0 0 0.6
 0.03 0.32 0.01 0.1 0.03 0.02 0 0.01 0 0 0.48
 0.05 0.18 0.03 0.2 0 0.03 0.02 0.02 0 0 0.47
 0 0 0.02 0.09 0.01 0.03 0 0.01 0 0 0.84
 0.03 0.22 0.02 0.07 0.02 0.05 0 0 0 0 0.59
 0.05 0.27 0.03 0.09 0.03 0.04 0 0.01 0.01 0 0.47
 0.06 0.3 0.04 0.08 0.02 0.04 0 0.01 0 0 0.45
 0.07 0.35 0.03 0.08 0 0.05 0 0.01 0 0 0.41
 0 0.01 0 0.12 0.02 0.02 0 0 0 0 0.83
 0.02 0.1 0 0.15 0.02 0.01 0 0 0 0 0.7
 0.07 0.36 0.04 0.13 0 0.02 0 0 0 0 0.38
 0.06 0.34 0.03 0.19 0.03 0.02 0 0 0 0 0.33
 0.07 0.29 0.03 0.18 0.01 0.02 0 0 0 0 0.4
 0 0.01 0 0.14 0 0.01 0 0 0 0 0.84
 0.07 0.34 0.01 0.08 0.01 0 0 0 0 0 0.49
 0.11 0.39 0.03 0.11 0 0.01 0 0 0 0 0.35
 0.08 0.42 0.02 0.06 0.02 0 0 0 0 0 0.4
 0.11 0.52 0.02 0.08 0 0 0 0 0 0 0.27
 0 0 0.01 0.04 0 0.01 0 0 0 0 0.94
 0.06 0.31 0 0.03 0 0.02 0 0 0 0 0.58
 0.05 0.46 0.01 0.05 0 0 0 0 0 0 0.43
 0.05 0.44 0.03 0.02 0 0.01 0 0 0 0 0.45
 0.07 0.5 0.04 0.04 0 0 0 0 0 0 0.35
 0 0 0 0.07 0 0.02 0 0 0 0 0.91
 0.06 0.3 0.01 0.09 0 0.03 0 0 0 0 0.51
 0.07 0.43 0.02 0.06 0 0.03 0 0.02 0 0 0.37
 0.04 0.41 0.02 0.12 0 0.01 0 0 0 0 0.4
 0.13 0.4 0.02 0.07 0 0 0 0 0 0 0.38
 0.01 0 0.02 0.12 0 0.01 0 0 0 0 0.84
 0.07 0.28 0.03 0.08 0 0 0 0 0 0 0.54
 0.01 0.44 0 0.06 0 0.02 0 0 0 0 0.47
 0.08 0.41 0.02 0.08 0 0.02 0 0 0 0 0.39
 0.06 0.47 0 0.12 0 0 0 0 0 0 0.35
 0 0 0 0.07 0 0 0 0 0 0 0.93
 0.06 0.33 0.02 0.03 0 0 0 0 0 0 0.56
 0.02 0.5 0.02 0.05 0 0.01 0 0 0 0.01 0.39
 0.04 0.63 0 0.03 0.01 0 0 0 0 0 0.29
 0.08 0.57 0 0 0 0 0 0 0 0 0.35
 0 0.02 0.02 0.07 0.02 0.01 0 0 0 0 0.86
 0.02 0.3 0.02 0.06 0.01 0.01 0 0 0 0 0.58
 0.04 0.43 0 0.05 0.02 0.01 0 0 0 0 0.45
 0.09 0.39 0 0.12 0 0 0 0.01 0 0 0.39
 0.03 0.56 0.01 0.06 0.01 0.01 0.01 0 0 0 0.31
 0 0 0.04 0.11 0.01 0.04 0 0 0 0 0.8
 0.05 0.16 0.03 0.08 0.01 0.01 0 0 0 0 0.66
 0.05 0.36 0.04 0.1 0.02 0.03 0 0 0 0 0.4
 0.02 0.34 0.02 0.13 0 0.01 0 0 0 0 0.48
 0.04 0.38 0.04 0.09 0.01 0.01 0 0 0 0 0.43
 0 0 0.01 0.06 0 0 0 0 0 0 0.93
 0.04 0.31 0.01 0.07 0 0 0 0 0 0 0.57
 0.08 0.28 0 0.08 0 0 0 0 0 0 0.56
 0.06 0.44 0.02 0.08 0 0 0 0 0 0 0.4
 0.11 0.42 0.02 0.09 0 0 0 0 0 0 0.36
 0 0.01 0 0 0 0 0 0 0 0 0.99
 0.04 0.31 0 0 0 0 0 0 0 0 0.65
 0.09 0.38 0 0 0 0 0 0 0 0 0.53
 0.08 0.36 0 0 0 0 0 0 0 0 0.56
 0.1 0.48 0 0 0 0 0 0 0 0 0.42
#OBS_tag_prop_final_no_age
 0 0 0 0 0 0 0 0 0 0 0
 0 0 0 0 0 0 0 0 0 0 0
 0 0 0 0 0 0 0 0 0 0 0
 0 0 0 0 0 0 0 0 0 0 0
 0 0 0 0 0 0 0 0 0 0 0
 0 0 0 0 0 0 0 0 0 0 0
 0 0 0 0 0 0 0 0 0 0 0
 0 0 0 0 0 0 0 0 0 0 0
 0 0 0 0 0 0 0 0 0 0 0
 0 0 0 0 0 0 0 0 0 0 0
 0 0 0 0 0 0 0 0 0 0 0
 0 0 0 0 0 0 0 0 0 0 0
 0 0 0 0 0 0 0 0 0 0 0
 0 0 0 0 0 0 0 0 0 0 0
 0 0 0 0 0 0 0 0 0 0 0
 0 0 0 0 0 0 0 0 0 0 0
 0 0 0 0 0 0 0 0 0 0 0
 0 0 0 0 0 0 0 0 0 0 0
 0 0 0 0 0 0 0 0 0 0 0
 0 0 0 0 0 0 0 0 0 0 0
 0 0 0 0 0 0 0 0 0 0 0
 0 0 0 0 0 0 0 0 0 0 0
 0 0 0 0 0 0 0 0 0 0 0
 0 0 0 0 0 0 0 0 0 0 0
#input_M_EM
 1.9 0.7 0.39 0.29 0.23
 1.9 0.7 0.39 0.29 0.23
#input_Rec_Prop_EM
 1 1 1 1 1 1 1 1 1 1 1 1
 1 1 1 1 1 1 1 1 1 1 1 1
#input_selectivity_EM
 0.05
 0.1
 0.25
 0.68
 1
 0.01
 0.05
 0.37
 0.84
 1

#input_survey_selectivity_EM
 0.03
 0.3
 0.75
 0.95
 1
 0.05
 0.2
 0.69
 0.9
 1

#input_dist_init_abund
 1
 0
 0
 1
#init_abund_EM
 21019 2949 213 19 1.25
 0 0 0 0 0
 0 0 0 0 0
 6596 1013 146 21 3

#frac_natal_true
 1
 0
 0
 1
#frac_natal_true_age
 1 1 1 1 1
 0 0 0 0 0
 0 0 0 0 0
 1 1 1 1 1
#input_M_TRUE
 1.9 0.7 0.39 0.29 0.23
 1.9 0.7 0.39 0.29 0.23
#init_abund_TRUE
 21019 2949 213 19 1.25
 0 0 0 0 0
 0 0 0 0 0
 6596 1013 146 21 3
#q_survey
 0.0015
 0.0015
#sel_beta1
 1.31426
 2.44878
#sel_beta2
 3.75925
 3.16045
#sel_beta3
 -0.6
 -0.6
#sel_beta4
 20
 20
#sel_beta1_survey
 2.51256
 1.81389
#sel_beta2_survey
 2.31079
 2.64324
#sel_beta3_survey
 -0.6
 -0.6
#sel_beta4_survey
 20
 20
#steep
 0.7 0.7
#R_ave
 21019 6596
#SSB_zero
 5506.12 1590.63
#rec_devs
 0.619008 0.822924 1.40346 1.36106 1.60385 1.01958 1.11527 1.31639 1.07659 1.48545 0.380224 0.674487
 0.926383 1.04543 0.617887 0.978316 0.5961 0.721189 0.701136 0.632665 0.887104 0.530691 1.80565 1.01934
#Rec_Prop
 1 1 1 1 1 1 1 1 1 1 1
 1 1 1 1 1 1 1 1 1 1 1
#recruits_BM
 21019 17297 29499.3 28608.2 33711.2 21430.5 23441.8 27669.2 22628.9 31222.6 7991.93 14177
 6596 6895.65 4075.58 6452.97 3931.87 4756.96 4624.69 4173.06 5851.34 3500.44 11910.1 6723.6
#F
 0.0240446 0.743474 0.922789 0.922789 0.922789
 0.0243344 0.752435 0.933912 0.933912 0.933912
 0.0399518 1.23533 1.53328 1.53328 1.53328
 0.0373268 1.15417 1.43254 1.43254 1.43254
 0.0340843 1.05391 1.30809 1.30809 1.30809
 0.0561696 1.7368 2.15569 2.15569 2.15569
 0.0361761 1.11859 1.38838 1.38838 1.38838
 0.0400289 1.23772 1.53624 1.53624 1.53624
 0.0392026 1.21217 1.50453 1.50453 1.50453
 0.0315905 0.976797 1.21239 1.21239 1.21239
 0.0438656 1.35635 1.68348 1.68348 1.68348
 0.0454853 1.40643 1.74564 1.74564 1.74564
 0.00908482 0.491335 0.758464 0.776852 0.776852
 0.0104474 0.565025 0.872218 0.893364 0.893364
 0.0095964 0.519002 0.801174 0.820597 0.820597
 0.0201037 1.08727 1.6784 1.71909 1.71909
 0.0209512 1.13311 1.74915 1.79156 1.79156
 0.0173047 0.935891 1.44472 1.47974 1.47974
 0.018855 1.01974 1.57415 1.61231 1.61231
 0.0262903 1.42186 2.19489 2.24811 2.24811
 0.0177596 0.960495 1.4827 1.51864 1.51864
 0.0139051 0.752029 1.16089 1.18904 1.18904
 0.0163002 0.881565 1.36086 1.39385 1.39385
 0.0189831 1.02666 1.58484 1.62326 1.62326
#Fyear
 0.922789
 0.933912
 1.53328
 1.43254
 1.30809
 2.15569
 1.38838
 1.53624
 1.50453
 1.21239
 1.68348
 1.74564
 0.776852
 0.893364
 0.820597
 1.71909
 1.79156
 1.47974
 1.61231
 2.24811
 1.51864
 1.18904
 1.39385
 1.62326
#biomass_AM
 843.624 959.398 1213.71 1183.19 1344.12 1266.46 981.795 1111.33 1047.91 1203.87 908.192 652.689
 679.614 931.04 1071.38 1236.17 918.782 762.085 736.366 741.034 721.015 740.923 1038.42 937.478
#biomass_population
 843.624 959.398 1213.71 1183.19 1344.12 1266.46 981.795 1111.33 1047.91 1203.87 908.192 652.689
 679.614 931.04 1071.38 1236.17 918.782 762.085 736.366 741.034 721.015 740.923 1038.42 937.478
#catch_at_age_fleet_prop
 0.164929 0.749654 0.077418 0.00751167 0.000487951
 0.12726 0.69636 0.162365 0.0121925 0.00182309
 0.232213 0.567309 0.157876 0.0388091 0.00379238
 0.216709 0.673141 0.0814263 0.0199257 0.00879814
 0.212812 0.665784 0.10475 0.0121266 0.00452732
 0.146753 0.7489 0.0904975 0.0115194 0.00232999
 0.19808 0.687458 0.10179 0.0104898 0.00218319
 0.198824 0.692722 0.0946692 0.0122637 0.00152079
 0.163035 0.716055 0.109589 0.00971349 0.00160769
 0.222412 0.645434 0.116509 0.0140649 0.00158006
 0.0642759 0.806817 0.108745 0.0180521 0.00211021
 0.217067 0.536847 0.21128 0.029571 0.00523534
 0.0601693 0.78761 0.131572 0.0180977 0.00255106
 0.0406108 0.574886 0.336008 0.042635 0.00586023
 0.0402697 0.530371 0.310232 0.103855 0.015272
 0.044659 0.654357 0.198215 0.0759578 0.0268116
 0.042069 0.716441 0.194897 0.0299807 0.0166122
 0.0409364 0.636189 0.27174 0.0421995 0.00893527
 0.0516406 0.648827 0.238388 0.0517472 0.00939749
 0.0750351 0.659337 0.214743 0.0405318 0.0103537
 0.062665 0.77681 0.129813 0.0253605 0.00535163
 0.039784 0.681103 0.245625 0.0276052 0.00588303
 0.0715996 0.60892 0.256412 0.0542837 0.00878527
 0.0534057 0.665634 0.223825 0.0449918 0.0121428
#yield_fleet
 183.223
 269.422
 409.323
 353.544
 367.643
 570.536
 285.078
 345.326
 357.579
 302.245
 458.209
 257.12
 126.815
 288.281
 338.673
 603.27
 428.054
 329.999
 314.458
 334.843
 236.187
 264.125
 361.814
 393.205
#survey_at_age_fleet_prop
 0.260222 0.667387 0.0655969 0.00637906 0.000414784
 0.207003 0.638935 0.141792 0.0106726 0.00159747
 0.357813 0.480767 0.126926 0.0314128 0.00308106
 0.334998 0.575405 0.0661108 0.016276 0.00721029
 0.328675 0.572054 0.0855831 0.00995886 0.0037282
 0.247613 0.665405 0.0753172 0.00969236 0.00197271
 0.309793 0.595866 0.0838376 0.00868943 0.00181409
 0.312435 0.598581 0.0776023 0.0101213 0.00125981
 0.262651 0.635451 0.0922955 0.00823456 0.00136782
 0.34046 0.551954 0.0947975 0.0114949 0.00129433
 0.112636 0.770664 0.0983196 0.0164495 0.00193127
 0.341831 0.458984 0.170795 0.0241023 0.00428689
 0.163384 0.734665 0.0883952 0.0118811 0.00167525
 0.122136 0.59311 0.249535 0.0309606 0.00425917
 0.122819 0.555408 0.233958 0.0765524 0.0112628
 0.13322 0.655407 0.140058 0.0526477 0.0186675
 0.124236 0.708385 0.135536 0.0204547 0.0113885
 0.122611 0.645124 0.196074 0.0298494 0.00634238
 0.151175 0.640251 0.166633 0.0354724 0.0064681
 0.213907 0.616085 0.137893 0.0255458 0.00656878
 0.172264 0.722079 0.0857534 0.0164251 0.00347876
 0.116909 0.682945 0.176564 0.0194319 0.00415033
 0.201491 0.581647 0.174725 0.0362517 0.00588527
 0.155036 0.651097 0.155024 0.0305607 0.00828189
#true_survey_fleet_bio
 0.325134
 0.464425
 0.419882
 0.394466
 0.452432
 0.400074
 0.329445
 0.358067
 0.377179
 0.403184
 0.42187
 0.227133
 0.322003
 0.569785
 0.709186
 0.601157
 0.42457
 0.392326
 0.342889
 0.255765
 0.296829
 0.40435
 0.460089
 0.428597
#harvest_rate_region_bio
 0.217186 0.280824 0.337249 0.298805 0.273518 0.450495 0.290364 0.310731 0.34123 0.251062 0.504529 0.39394
 0.186599 0.309633 0.31611 0.488017 0.465892 0.433021 0.427041 0.45186 0.327575 0.356481 0.348426 0.419428
#depletion_region
 1 1.13723 1.43869 1.40251 1.59327 1.50122 1.16378 1.31733 1.24216 1.42702 1.07654 0.773672
 1 1.36995 1.57645 1.81892 1.35192 1.12135 1.08351 1.09037 1.06092 1.09021 1.52796 1.37943
#SSB_region
 63.4057 112.527 117.23 94.0912 104.632 92.9569 73.9263 80.1396 85.9428 93.4356 100.675 67.3458
 65.6964 160.318 211.416 177.138 113.114 110.356 95.9684 71.591 66.4241 104.752 128.803 117.891
#Bratio_population
 0.0115155 0.0204367 0.0212909 0.0170885 0.0190028 0.0168825 0.0134262 0.0145547 0.0156086 0.0169694 0.0182843 0.0122311
 0.0413022 0.100789 0.132914 0.111363 0.0711129 0.0693791 0.0603337 0.045008 0.0417597 0.0658557 0.0809764 0.074116
#T_year
 0.774689
 0.225311
 0.499475
 0.500525
 0.755789
 0.244211
 0.597569
 0.402431
 0.715315
 0.284685
 0.680557
 0.319443
 0.644523
 0.355477
 0.705944
 0.294056
 0.595249
 0.404751
 0.720006
 0.279994
 0.70535
 0.29465
 0.704126
 0.295874
 0.102324
 0.897676
 0.123321
 0.876679
 0.107537
 0.892463
 0.107664
 0.892336
 0.185694
 0.814306
 0.0799318
 0.920068
 0.0975117
 0.902488
 0.0882707
 0.911729
 0.147743
 0.852257
 0.088078
 0.911922
 0.121979
 0.878021
 0.144384
 0.855616
#selectivity_age
 0.0260564
 0.805681
 1
 1
 1
 0.0116944
 0.632469
 0.97633
 1
 1
#survey_selectivity_age
 0.05
 0.85
 1
 1
 1
 0.05
 0.9
 1
 1
 1
#TRUE_tag_prop
 0.00789753 0.000367152 0.0672872 0.0318932 0.0201086 0.0115037 0.00325366 0.00574972 0.000519876 0.000898914 0.85052
 0.251751 0.0496894 0.0507472 0.0623665 0.0172283 0.0201084 0.00402121 0.00943994 0.000685433 0.0014081 0.532554
 0.323152 0.0820936 0.0745428 0.0565728 0.0242231 0.0209913 0.00485301 0.0101948 0.000805191 0.00154687 0.401024
 0.35204 0.0753285 0.0820589 0.0570959 0.0263688 0.0216854 0.00515474 0.0106053 0.000851145 0.00161461 0.367197
 0.307366 0.116472 0.0724783 0.0669026 0.0242333 0.0236759 0.00514935 0.0113301 0.000863788 0.00170661 0.369822
 0.00844837 0.000259848 0.0882699 0.0279536 0.00935485 0.0166466 0.00144056 0.00249959 0.000328324 0.000342129 0.844456
 0.276008 0.0407808 0.101949 0.0343655 0.0139522 0.019375 0.00213221 0.00318239 0.000475873 0.000450396 0.507329
 0.320784 0.0939989 0.0961385 0.049912 0.0155875 0.0263436 0.0024685 0.00415346 0.000560076 0.000572217 0.389482
 0.228689 0.183501 0.0767167 0.0687801 0.0156228 0.0332596 0.00260017 0.00503576 0.000602832 0.000674264 0.384517
 0.319592 0.119704 0.0968203 0.0562728 0.0163587 0.0290695 0.00261679 0.00454007 0.000596394 0.000621432 0.353808
 0.0127586 0.000445967 0.0476358 0.0406045 0.00652253 0.00650423 0.00134117 0.000988775 0.000103381 0.000185924 0.882909
 0.373395 0.0410807 0.0444981 0.0520467 0.00637252 0.00856813 0.00140385 0.00124401 0.000113134 0.000229561 0.471049
 0.403195 0.0993655 0.0533757 0.0648371 0.00798626 0.0109926 0.00176432 0.00158661 0.00014273 0.000292379 0.356462
 0.452994 0.0847081 0.0581632 0.0619551 0.00854264 0.0108712 0.00186994 0.00160111 0.000149379 0.000296427 0.318848
 0.422859 0.110033 0.0565172 0.0695836 0.00847341 0.011758 0.0018738 0.00169366 0.000151788 0.00031196 0.316744
 0.0126336 0.00061746 0.0610777 0.021954 0.0100121 0.00552872 0.000699205 0.0010373 9.33136e-005 0.000234806 0.886112
 0.297718 0.11801 0.0471421 0.0342507 0.00945429 0.00581893 0.00070166 0.00111816 9.51488e-005 0.000248006 0.485443
 0.36172 0.175775 0.0491918 0.041003 0.0103467 0.00688189 0.000779988 0.00130959 0.000107071 0.000286367 0.352599
 0.34697 0.208713 0.0490613 0.0453204 0.0104056 0.00734275 0.000794354 0.00138754 0.000110094 0.00030027 0.329594
 0.375093 0.194848 0.0513271 0.0440477 0.0108205 0.00731753 0.000818542 0.0013897 0.000112664 0.000302988 0.313922
 0.0114835 0.000676688 0.0752909 0.0269694 0.0037991 0.00583173 0.000491736 0.00125769 6.22067e-005 0.000108517 0.874029
 0.3054 0.100652 0.063418 0.0350964 0.0044306 0.00658272 0.000591484 0.00148944 7.46334e-005 0.000128996 0.482136
 0.425988 0.102846 0.084633 0.0323188 0.00581563 0.00670393 0.000738574 0.00164468 9.1427e-005 0.000146953 0.339073
 0.397011 0.150122 0.0817909 0.036753 0.00575029 0.00740164 0.000745369 0.00175009 9.30093e-005 0.00015423 0.318428
 0.39832 0.160525 0.0804371 0.0371614 0.00567905 0.00744911 0.000738851 0.00175072 9.23267e-005 0.000153927 0.307692
 0.0196894 0.000325683 0.0330081 0.0164354 0.00453442 0.00418615 0.000493305 0.00049405 5.87709e-005 9.19817e-005 0.920683
 0.482245 0.0411839 0.0263497 0.0215624 0.00305589 0.00581172 0.00037013 0.000542839 4.73468e-005 9.28903e-005 0.418738
 0.478406 0.129134 0.0313571 0.0290614 0.00384395 0.00773235 0.000469044 0.000710517 6.04267e-005 0.00012085 0.319105
 0.465691 0.155113 0.0320778 0.0337958 0.00401169 0.00856179 0.000493552 0.000773814 6.40782e-005 0.000130794 0.299287
 0.512902 0.131264 0.0337236 0.0298277 0.00410619 0.00808722 0.000499626 0.000747659 6.41932e-005 0.000127456 0.27865
 0.0123256 0.0005463 0.0614211 0.0317472 0.00584762 0.00489797 0.000653004 0.000921312 0.000135773 0.00027557 0.881229
 0.341658 0.0749412 0.0574331 0.0381872 0.00613139 0.00532351 0.000715046 0.00102993 0.000149581 0.0003066 0.474124
 0.39474 0.137097 0.0438745 0.060762 0.00512792 0.00630528 0.00063301 0.00111837 0.000141316 0.000318925 0.349882
 0.368585 0.179429 0.042953 0.0663211 0.00507634 0.00662146 0.00063381 0.00115977 0.000143216 0.000328521 0.328748
 0.452599 0.116447 0.0495661 0.0630427 0.00574716 0.00675559 0.000703577 0.00121027 0.000155659 0.000346944 0.303426
 0.0129058 0.00114789 0.0610299 0.0160456 0.00639141 0.00403071 0.00107361 0.00149426 0.000137806 0.000334077 0.895409
 0.390739 0.0657401 0.0443802 0.0293947 0.00481461 0.00595417 0.000964947 0.00183896 0.000136109 0.00039526 0.455642
 0.409554 0.160924 0.044385 0.0320893 0.00505446 0.00656144 0.0010264 0.00200199 0.000145912 0.000429228 0.337829
 0.423489 0.167914 0.0470555 0.0340808 0.00535972 0.00696465 0.00108868 0.00212449 0.000154791 0.00045547 0.311312
 0.3082 0.289219 0.0348918 0.0352605 0.00416288 0.00654976 0.000894677 0.00191227 0.000131317 0.000406171 0.318372
 0.0127017 0.000755677 0.0495751 0.0235375 0.00948233 0.00771196 0.00104031 0.00182869 0 0 0.893367
 0.359561 0.0711706 0.0467765 0.0275439 0.00777625 0.0105027 0.000990227 0.00235839 0 0 0.47332
 0.486499 0.071157 0.0499706 0.0330194 0.00877596 0.0124698 0.00113277 0.00277974 0 0 0.334196
 0.353693 0.198911 0.0400612 0.0453768 0.00784969 0.0143436 0.00109201 0.00309738 0 0 0.335575
 0.378225 0.189343 0.0414833 0.0442483 0.00801039 0.014223 0.00110413 0.00308143 0 0 0.320282
 0.0107412 0.000417876 0.0734918 0.0313406 0.00794205 0.0075365 0 0 0 0 0.86853
 0.320446 0.0566483 0.0738963 0.0402146 0.00763427 0.0105838 0 0 0 0 0.490577
 0.37599 0.110611 0.0601897 0.0625136 0.00720066 0.0146573 0 0 0 0 0.368838
 0.383937 0.121664 0.063173 0.0669707 0.00759111 0.015644 0 0 0 0 0.34102
 0.344816 0.163621 0.0577919 0.0712798 0.00719187 0.0162295 0 0 0 0 0.33907
 0.0148821 0.000479951 0.0500366 0.0259307 0 0 0 0 0 0 0.908671
 0.39106 0.0620426 0.0480584 0.0301189 0 0 0 0 0 0 0.46872
 0.42465 0.133162 0.0430329 0.0446081 0 0 0 0 0 0 0.354547
 0.440368 0.139035 0.0457669 0.0472693 0 0 0 0 0 0 0.327561
 0.339708 0.225332 0.0374907 0.0583042 0 0 0 0 0 0 0.339165
 0.0144281 0.000903486 0 0 0 0 0 0 0 0 0.984668
 0.402038 0.0662021 0 0 0 0 0 0 0 0 0.53176
 0.422266 0.150357 0 0 0 0 0 0 0 0 0.427377
 0.446215 0.149783 0 0 0 0 0 0 0 0 0.404001
 0.405971 0.19256 0 0 0 0 0 0 0 0 0.401469
 0.000349053 0.00272821 0.0129358 0.094268 0.00850182 0.0244774 0.00345803 0.0104342 0.000632032 0.00150579 0.84071
 0.0222743 0.1876 0.0208116 0.0984253 0.01109 0.0275454 0.00419442 0.0122487 0.000759131 0.00177457 0.613277
 0.0696522 0.265339 0.0287987 0.103396 0.0140265 0.0304949 0.00482727 0.0136557 0.000865557 0.00198616 0.466958
 0.0464989 0.300121 0.025796 0.114686 0.0138276 0.0333744 0.00512308 0.014862 0.000925392 0.00215492 0.442631
 0.0379062 0.314855 0.0240467 0.116477 0.0134377 0.0337378 0.00512209 0.0149944 0.000927701 0.00217172 0.436324
 0.000483655 0.00308955 0.0220849 0.0791592 0.00652308 0.0351286 0.00142035 0.00462205 0.000365784 0.000570879 0.846552
 0.052241 0.189657 0.0340857 0.0775358 0.0116769 0.0334275 0.002101 0.00485473 0.000502424 0.000629874 0.593288
 0.0343055 0.319774 0.0283694 0.0920743 0.0131066 0.0404682 0.00241245 0.00582444 0.000581777 0.000750313 0.462333
 0.0564635 0.321406 0.035138 0.0946482 0.0141006 0.0419255 0.00256578 0.00606097 0.000616147 0.000783533 0.426292
 0.0471677 0.337881 0.0326219 0.0962136 0.0140085 0.0424499 0.0025637 0.00612301 0.000616953 0.000790145 0.419563
 0.000824329 0.00283183 0.0230903 0.122066 0.00584923 0.0143505 0.00136234 0.00177293 0.000123108 0.000317353 0.827412
 0.0343607 0.194416 0.0213424 0.132475 0.00495727 0.0172696 0.00129883 0.00211564 0.000127384 0.000373676 0.591263
 0.0640104 0.291493 0.039454 0.129359 0.00740072 0.0184929 0.00179692 0.00236943 0.000163107 0.000423761 0.445037
 0.0644543 0.309563 0.0418158 0.137719 0.00785508 0.0196784 0.00190821 0.00252032 0.000173307 0.0004507 0.413861
 0.0661366 0.31714 0.0418274 0.137665 0.00785557 0.0196722 0.00190819 0.00251967 0.00017329 0.00045059 0.404651
 0.000704299 0.00594043 0.0125869 0.0723851 0.00292881 0.00820901 0.000353902 0.00136412 6.36136e-005 0.000253326 0.895211
 0.0433086 0.320138 0.0179888 0.0513594 0.00432518 0.00620429 0.000404396 0.00110377 6.38066e-005 0.000216552 0.554888
 0.0723961 0.432088 0.0171797 0.0589842 0.00448433 0.00723826 0.000438245 0.00127909 7.07665e-005 0.000247969 0.405594
 0.0625135 0.462794 0.0168217 0.0634294 0.0045015 0.00770166 0.000450182 0.00135683 7.35316e-005 0.000261599 0.380096
 0.111812 0.429727 0.0221343 0.0604453 0.00547442 0.00764252 0.000506897 0.00136189 7.95567e-005 0.000267971 0.360548
 0.000966781 0.00602481 0.0158625 0.063457 0.00191091 0.0103003 0.000385696 0.00176831 5.52103e-005 0.000136428 0.899132
 0.0564763 0.314892 0.0169772 0.0493697 0.00209189 0.00819453 0.00037858 0.00151844 5.24084e-005 0.000119654 0.549929
 0.0580826 0.450149 0.0200743 0.0517915 0.00241833 0.00896758 0.000427783 0.00167434 5.88795e-005 0.000132485 0.406223
 0.103063 0.429406 0.0290019 0.0526757 0.00297234 0.0092526 0.000491238 0.00177435 6.63955e-005 0.0001424 0.371155
 0.0683726 0.473365 0.0224993 0.0546371 0.00263015 0.0094806 0.000459934 0.00177734 6.31172e-005 0.000140942 0.366574
 0.000766342 0.00519205 0.0104731 0.0828919 0.00263501 0.0130899 0.000370605 0.000958187 5.52371e-005 0.000150518 0.883417
 0.0432274 0.297253 0.0104671 0.0681437 0.00233284 0.0114932 0.000340483 0.000877534 5.06951e-005 0.0001379 0.565676
 0.06503 0.417789 0.0137697 0.0714637 0.00283412 0.0128035 0.000404128 0.000990008 5.91978e-005 0.000156526 0.4147
 0.0546956 0.446761 0.0140787 0.0771907 0.00297822 0.0137517 0.000427116 0.00105985 6.28205e-005 0.000167305 0.388827
 0.0792253 0.439856 0.0150878 0.0747578 0.00303616 0.0134607 0.000430841 0.00104381 6.2891e-005 0.000165258 0.372873
 0.00072208 0.00555696 0.0152769 0.0834456 0.00236444 0.00555981 0.000329073 0.000850222 8.50395e-005 0.000227603 0.885582
 0.0384392 0.310825 0.0130539 0.0691104 0.00186957 0.00501531 0.00028208 0.000784497 7.52934e-005 0.000207905 0.560337
 0.0490839 0.439387 0.0137564 0.0756928 0.00207279 0.00569443 0.000315271 0.000888349 8.465e-005 0.000235022 0.412789
 0.0557643 0.455536 0.0150414 0.0801581 0.00224502 0.00605536 0.000339348 0.000946599 9.07016e-005 0.000250765 0.383573
 0.0645799 0.458596 0.015702 0.0798306 0.00231203 0.00606876 0.000346317 0.000951644 9.19445e-005 0.000252605 0.371268
 0.000747429 0.00775563 0.00898177 0.0494141 0.00166484 0.00670331 0.000514243 0.00164181 8.8884e-005 0.000337407 0.922151
 0.0444883 0.373348 0.0109189 0.0313328 0.00162245 0.00468138 0.000440352 0.0012347 7.18834e-005 0.000256133 0.531605
 0.0692599 0.483843 0.0112429 0.0353035 0.00179345 0.00543101 0.000497796 0.00142375 8.19517e-005 0.000294905 0.390827
 0.0529529 0.520623 0.0100623 0.0376685 0.00171977 0.00570286 0.000498659 0.00147906 8.33991e-005 0.000305538 0.368904
 0.0635265 0.521454 0.0109832 0.0375792 0.00181039 0.00573427 0.000513347 0.00149513 8.51764e-005 0.00030927 0.35651
 0.00099589 0.0051556 0.0147503 0.0654227 0.00510643 0.0147264 0.000811705 0.00293473 0 0 0.890096
 0.0425216 0.297589 0.0118972 0.0569616 0.00405075 0.0137397 0.000720084 0.00281237 0 0 0.569707
 0.0482614 0.429563 0.0130007 0.0623566 0.00459834 0.0156059 0.000817644 0.00319424 0 0 0.422603
 0.0877881 0.418834 0.0170716 0.06362 0.00525184 0.0162938 0.000896051 0.00335513 0 0 0.38689
 0.0569195 0.455069 0.0142975 0.0658213 0.00493838 0.0165291 0.000872406 0.00338623 0 0 0.382166
 0.000654483 0.00409684 0.0214967 0.0880656 0.00511087 0.0154016 0 0 0 0 0.865174
 0.0487733 0.244031 0.0249386 0.0806059 0.00417075 0.0159344 0 0 0 0 0.581546
 0.0620251 0.362999 0.0249852 0.0907049 0.00458869 0.018488 0 0 0 0 0.436209
 0.0469669 0.396251 0.0245313 0.0979145 0.00472413 0.0198488 0 0 0 0 0.409764
 0.0544887 0.400225 0.0252524 0.0973371 0.00477764 0.0197703 0 0 0 0 0.398149
 0.00112337 0.004731 0.0147867 0.0852477 0 0 0 0 0 0 0.894111
 0.0548095 0.275195 0.0203956 0.0688862 0 0 0 0 0 0 0.580714
 0.0774174 0.391919 0.017022 0.0792894 0 0 0 0 0 0 0.434352
 0.0761545 0.414307 0.0177706 0.0845978 0 0 0 0 0 0 0.40717
 0.0791306 0.42252 0.0178739 0.08446 0 0 0 0 0 0 0.396015
 0.000620372 0.00569316 0 0 0 0 0 0 0 0 0.993686
 0.0303202 0.321367 0 0 0 0 0 0 0 0 0.648313
 0.0579066 0.438072 0 0 0 0 0 0 0 0 0.504021
 0.0914986 0.433147 0 0 0 0 0 0 0 0 0.475354
 0.0604486 0.46872 0 0 0 0 0 0 0 0 0.470831
#TRUE_tag_prop_no_age
 0 0 0 0 0 0 0 0 0 0 0
 0 0 0 0 0 0 0 0 0 0 0
 0 0 0 0 0 0 0 0 0 0 0
 0 0 0 0 0 0 0 0 0 0 0
 0 0 0 0 0 0 0 0 0 0 0
 0 0 0 0 0 0 0 0 0 0 0
 0 0 0 0 0 0 0 0 0 0 0
 0 0 0 0 0 0 0 0 0 0 0
 0 0 0 0 0 0 0 0 0 0 0
 0 0 0 0 0 0 0 0 0 0 0
 0 0 0 0 0 0 0 0 0 0 0
 0 0 0 0 0 0 0 0 0 0 0
 0 0 0 0 0 0 0 0 0 0 0
 0 0 0 0 0 0 0 0 0 0 0
 0 0 0 0 0 0 0 0 0 0 0
 0 0 0 0 0 0 0 0 0 0 0
 0 0 0 0 0 0 0 0 0 0 0
 0 0 0 0 0 0 0 0 0 0 0
 0 0 0 0 0 0 0 0 0 0 0
 0 0 0 0 0 0 0 0 0 0 0
 0 0 0 0 0 0 0 0 0 0 0
 0 0 0 0 0 0 0 0 0 0 0
 0 0 0 0 0 0 0 0 0 0 0
 0 0 0 0 0 0 0 0 0 0 0
#T
 0.870602
 0.129398
 0.752772
 0.247228
 0.739953
 0.260047
 0.774689
 0.225311
 0.660196
 0.339804
 0.920326
 0.079674
 0.818279
 0.181721
 0.728962
 0.271038
 0.499475
 0.500525
 0.681348
 0.318652
 0.851177
 0.148823
 0.804337
 0.195663
 0.696826
 0.303174
 0.755789
 0.244211
 0.690518
 0.309482
 0.901281
 0.0987194
 0.667151
 0.332849
 0.645775
 0.354225
 0.597569
 0.402431
 0.631999
 0.368001
 0.896157
 0.103843
 0.723102
 0.276898
 0.796335
 0.203665
 0.715315
 0.284685
 0.701733
 0.298267
 0.939567
 0.0604332
 0.872285
 0.127715
 0.721212
 0.278788
 0.680557
 0.319443
 0.735478
 0.264522
 0.906914
 0.093086
 0.780056
 0.219944
 0.715752
 0.284248
 0.644523
 0.355477
 0.774127
 0.225873
 0.859359
 0.140641
 0.840773
 0.159227
 0.707181
 0.292819
 0.705944
 0.294056
 0.502847
 0.497153
 0.863348
 0.136652
 0.782988
 0.217012
 0.84829
 0.15171
 0.595249
 0.404751
 0.622931
 0.377069
 0.903616
 0.0963837
 0.795989
 0.204011
 0.732086
 0.267914
 0.720006
 0.279994
 0.632006
 0.367994
 0.905486
 0.094514
 0.799823
 0.200177
 0.703829
 0.296171
 0.70535
 0.29465
 0.532895
 0.467105
 0.847083
 0.152917
 0.806529
 0.193471
 0.689215
 0.310785
 0.704126
 0.295874
 0.627567
 0.372433 0.0384787
 0.961521
 0.0666033
 0.933397
 0.159489
 0.840511
 0.102324
 0.897676
 0.0814193
 0.918581
 0.0526871
 0.947313
 0.154879
 0.845121
 0.0779572
 0.922043
 0.123321
 0.876679
 0.100558
 0.899442
 0.0549941
 0.945006
 0.0740171
 0.925983
 0.110627
 0.889373
 0.107537
 0.892463
 0.107999
 0.892001
 0.0502449
 0.949755
 0.0970494
 0.902951
 0.129248
 0.870752
 0.107664
 0.892336
 0.188394
 0.811606
 0.0754465
 0.924553
 0.13372
 0.86628
 0.108579
 0.891421
 0.185694
 0.814306
 0.120454
 0.879546
 0.0365694
 0.963431
 0.0781896
 0.92181
 0.0980349
 0.901965
 0.0799318
 0.920068
 0.113605
 0.886395
 0.0531306
 0.946869
 0.0877623
 0.912238
 0.089
 0.911
 0.0975117
 0.902488
 0.110458
 0.889542
 0.0497691
 0.950231
 0.0957279
 0.904272
 0.119592
 0.880408
 0.0882707
 0.911729
 0.103647
 0.896353
 0.0676917
 0.932308
 0.0925959
 0.907404
 0.0841515
 0.915848
 0.147743
 0.852257
 0.0937457
 0.906254
 0.0550592
 0.944941
 0.121153
 0.878847
 0.120768
 0.879232
 0.088078
 0.911922
 0.0998713
 0.900129
 0.0683503
 0.93165
 0.1121
 0.8879
 0.128314
 0.871686
 0.121979
 0.878021
 0.124131
 0.875869
 0.0364223
 0.963578
 0.0608253
 0.939175
 0.0945141
 0.905486
 0.144384
 0.855616
 0.0934441
 0.906556
#report_rate_TRUE
 0.85
 0.85
 0.85
 0.85
 0.85
 0.85
 0.85
 0.85
 0.85
 0.85
 0.85
 0.85
 0.7
 0.7
 0.7
 0.7
 0.7
 0.7
 0.7
 0.7
 0.7
 0.7
 0.7
 0.7
#move_switch_OM
1
#DD_move_age_switch_OM
0
#abund_frac_age_region
 0.671845 0.577333 0.503887 0.421697 0.251648
 0.673023 0.598387 0.413172 0.297433 0.315363
 0.75453 0.563302 0.434583 0.365735 0.277674
 0.744648 0.523978 0.328921 0.239875 0.28278
 0.810433 0.570664 0.457458 0.389745 0.300418
 0.775537 0.720141 0.465679 0.420613 0.410167
 0.766231 0.619928 0.42494 0.26148 0.288447
 0.753259 0.664282 0.470016 0.379099 0.228128
 0.699878 0.610871 0.62213 0.430334 0.372041
 0.818073 0.590403 0.456786 0.477968 0.325553
 0.404513 0.672887 0.436305 0.381018 0.308037
 0.586299 0.357534 0.428327 0.345449 0.257269
 0.328155 0.422667 0.496113 0.578303 0.748352
 0.326977 0.401613 0.586828 0.702567 0.684637
 0.24547 0.436698 0.565417 0.634265 0.722326
 0.255352 0.476022 0.671079 0.760125 0.71722
 0.189567 0.429336 0.542542 0.610255 0.699582
 0.224463 0.279859 0.534321 0.579387 0.589833
 0.233769 0.380072 0.57506 0.73852 0.711553
 0.246741 0.335718 0.529984 0.620901 0.771872
 0.300122 0.389129 0.37787 0.569666 0.627959
 0.181927 0.409597 0.543214 0.522032 0.674447
 0.595487 0.327113 0.563695 0.618982 0.691963
 0.413701 0.642466 0.571673 0.654551 0.742731
#abund_frac_year
 0.657882 0.651956 0.724983 0.706942 0.774643 0.756682 0.740846 0.737242 0.685808 0.786682 0.457482 0.552895
 0.342118 0.348044 0.275017 0.293058 0.225357 0.243318 0.259154 0.262758 0.314192 0.213318 0.542518 0.447105
#abund_frac_region
 0.68617
 0.31383
#F_tag_scalar
 0.75 0.72 0.79 0.74 0.78 0.77 0.73 0.75 0.72 0.79 0.74 0.78
#T_tag_res
 0.97 0.99 0.93 0.96 0.98 0.95 0.94 0.97 0.99 0.93 0.96 0.98
#sim_tag_mixing_switch
0
#debug
1541
